---
startPose:
  x: -30.0
  y: 60.0
  heading: -1.5707963267948966
startHeading: -1.5707963267948966
steps:
- pose:
    x: 0.0
    y: 0.0
    heading: -1.5707963267948966
  heading: -1.5707963267948966
  interpolationType: "LINEAR"
resolution: 0.25
version: 2
